     0/299     5.31G   0.07724   0.02588   0.02105    0.1242        77       608      8601    0.1519    0.2569    0.2056  1.14e+04    0.0594   0.02044   0.01406
     1/299     5.31G   0.06205    0.0227   0.01018   0.09493        45       608 1.039e+04    0.2847    0.3158    0.2722 1.308e+04   0.05117   0.01948   0.01129
     2/299     5.31G   0.05935   0.02256  0.008507   0.09041       130       608 1.036e+04    0.2676    0.3734    0.3057 1.309e+04   0.05136   0.01969   0.01048
     3/299     5.31G    0.0566   0.02251  0.007483   0.08659        63       608 1.156e+04    0.3094    0.4006    0.3354 1.346e+04   0.04915   0.01921  0.009544
     4/299     5.31G   0.05485     0.022  0.006973   0.08382        74       608 1.178e+04    0.3176     0.403     0.339 1.358e+04   0.04846   0.01908  0.009405
     5/299     5.31G   0.05367   0.02173  0.006626   0.08203        67       608 1.161e+04    0.3655    0.4299    0.3663 1.384e+04   0.04758   0.01878  0.008679
     6/299     5.31G   0.05314   0.02152  0.006461   0.08112        70       608 1.148e+04    0.3103    0.4683    0.3857 1.401e+04    0.0468   0.01866  0.008574
     7/299     5.31G   0.05251   0.02141  0.006183    0.0801        84       608 1.157e+04    0.3319    0.4805    0.4005 1.409e+04   0.04654   0.01854  0.008165
     8/299     5.31G   0.05209   0.02133  0.006023   0.07944        82       608 1.192e+04    0.3624    0.4968    0.4219 1.421e+04   0.04586    0.0182  0.007862
     9/299     5.31G   0.05203   0.02125  0.005849   0.07913        56       608 1.194e+04    0.3537    0.4972    0.4242 1.428e+04   0.04555   0.01811  0.007796
    10/299     5.31G   0.05159    0.0211  0.005719   0.07841        75       608 1.179e+04    0.3489    0.5071    0.4259 1.432e+04    0.0454   0.01818  0.007914
    11/299     5.31G   0.05128   0.02104  0.005646   0.07796        89       608 1.208e+04    0.3462    0.5195    0.4332 1.441e+04   0.04508   0.01798  0.007578
    12/299     5.31G   0.05125   0.02102  0.005623   0.07789        83       608  1.21e+04    0.3734    0.5161    0.4392 1.445e+04    0.0447   0.01781  0.007547
    13/299     5.31G   0.05084   0.02093  0.005477   0.07725        55       608 1.222e+04    0.3712    0.5256    0.4451 1.454e+04   0.04437   0.01777   0.00747
    14/299     5.31G   0.05084   0.02094  0.005497   0.07727        93       608 1.241e+04    0.3949    0.5179    0.4448 1.452e+04   0.04429   0.01764   0.00747
    15/299     5.31G   0.05075   0.02084  0.005424   0.07702        64       608 1.227e+04    0.3515    0.5239    0.4475 1.459e+04   0.04408   0.01765  0.007353
    16/299     5.31G   0.05055   0.02091  0.005292   0.07675        70       608 1.239e+04    0.3641    0.5327    0.4487  1.46e+04   0.04393   0.01756  0.007336
    17/299     5.31G   0.05031    0.0207  0.005336   0.07635        45       608 1.238e+04    0.3731     0.529    0.4523 1.467e+04    0.0437   0.01752  0.007304
    18/299     5.31G   0.05035   0.02068  0.005297   0.07632        74       608 1.242e+04     0.366    0.5373    0.4552 1.465e+04   0.04357   0.01746  0.007256
    19/299     5.31G   0.05007   0.02065  0.005153   0.07588        66       608 1.234e+04    0.3618    0.5361    0.4557 1.468e+04   0.04339   0.01747   0.00719
    20/299     5.31G   0.05026   0.02072  0.005198   0.07618        88       608 1.234e+04    0.3608    0.5419    0.4599 1.473e+04   0.04328    0.0174  0.007126
    21/299     5.31G   0.04998   0.02055  0.005059   0.07558        79       608  1.23e+04    0.3633    0.5429    0.4624 1.474e+04   0.04315   0.01738  0.007091
    22/299     5.31G   0.04979   0.02066  0.005097   0.07554        68       608 1.241e+04    0.3672    0.5428    0.4599 1.475e+04     0.043   0.01738  0.007098
    23/299     5.31G   0.04984   0.02074  0.005012   0.07559        90       608 1.238e+04    0.3706    0.5514    0.4614 1.476e+04   0.04292   0.01736  0.007108
    24/299     5.31G   0.04981   0.02043  0.005033   0.07528        78       608 1.233e+04    0.3635      0.55    0.4606 1.478e+04   0.04285   0.01733  0.007114
    25/299     5.31G   0.04982   0.02058  0.005013   0.07541       108       608 1.233e+04    0.3595      0.55    0.4621 1.478e+04    0.0428   0.01731  0.007102
    26/299     5.31G   0.04968   0.02055  0.005085   0.07532        88       608  1.23e+04    0.3534    0.5542    0.4634 1.481e+04   0.04273   0.01729  0.007079
    27/299     5.31G   0.04957   0.02053  0.004996   0.07509        70       608 1.229e+04    0.3536    0.5518    0.4658 1.483e+04   0.04266   0.01729  0.007088
    28/299     5.31G   0.04986   0.02056  0.004905   0.07533        49       608  1.23e+04    0.3531    0.5512    0.4649 1.483e+04   0.04261   0.01728  0.007089
    29/299     5.31G   0.04954   0.02047  0.004931   0.07494        81       608 1.229e+04    0.3588    0.5574    0.4691 1.484e+04   0.04256   0.01726   0.00707
    30/299     5.31G   0.04944   0.02032   0.00483   0.07459        79       608  1.23e+04    0.3557    0.5562    0.4653 1.485e+04    0.0425   0.01724  0.007043
    31/299     5.31G   0.04945   0.02045  0.004853   0.07476       106       608 1.232e+04    0.3598    0.5599    0.4678 1.485e+04   0.04246   0.01722  0.007043
    32/299     5.31G   0.04942   0.02045  0.004845   0.07471       104       608 1.233e+04    0.3578    0.5602    0.4671 1.487e+04   0.04243    0.0172  0.007041
    33/299     5.31G   0.04928   0.02028  0.004814   0.07437        41       608 1.232e+04     0.352    0.5593    0.4666 1.487e+04   0.04239   0.01719  0.007044
    34/299     5.31G   0.04922   0.02038  0.004854   0.07445        76       608 1.234e+04    0.3522    0.5594    0.4661 1.488e+04   0.04237   0.01717  0.007037
    35/299     5.31G   0.04913   0.02023  0.004819   0.07418        86       608 1.235e+04    0.3498    0.5603     0.467 1.489e+04   0.04234   0.01716  0.007024
    36/299     5.31G   0.04916   0.02023  0.004681   0.07408        52       608 1.237e+04    0.3498    0.5602    0.4672  1.49e+04   0.04231   0.01716  0.007018
    37/299     5.31G   0.04922   0.02033  0.004796   0.07434        88       608 1.236e+04    0.3496    0.5605    0.4663  1.49e+04   0.04229   0.01716  0.007018
    38/299     5.31G   0.04901    0.0203  0.004717   0.07403        89       608 1.237e+04    0.3481     0.562    0.4661  1.49e+04   0.04227   0.01715  0.007018
    39/299     5.31G   0.04899   0.02033  0.004603   0.07392        71       608 1.237e+04    0.3479    0.5635    0.4666 1.491e+04   0.04225   0.01715  0.007017
    40/299     5.31G   0.04891    0.0203  0.004726   0.07394        65       608 1.235e+04    0.3426    0.5617    0.4658  1.49e+04   0.04224   0.01715  0.007018
    41/299     5.31G   0.04902    0.0203  0.004687   0.07401       109       608 1.235e+04    0.3406    0.5625    0.4658  1.49e+04   0.04222   0.01715  0.007018
    42/299     5.31G   0.04882    0.0202    0.0046   0.07362        91       608 1.234e+04    0.3394    0.5625    0.4658  1.49e+04   0.04221   0.01715  0.007017
    43/299     5.31G   0.04876   0.02022  0.004556   0.07354        75       608 1.234e+04     0.339    0.5634    0.4662 1.491e+04   0.04219   0.01715  0.007015
    44/299     5.31G   0.04871   0.02012  0.004575   0.07341        70       608 1.236e+04    0.3405    0.5672    0.4688 1.492e+04   0.04218   0.01714  0.007014
    45/299     5.31G   0.04871   0.02014   0.00446   0.07331        95       608 1.235e+04      0.34    0.5679    0.4687 1.492e+04   0.04216   0.01714  0.007017
    46/299     5.31G   0.04871   0.02017  0.004438   0.07331        66       608 1.234e+04    0.3389    0.5677    0.4687 1.491e+04   0.04215   0.01714  0.007018
    47/299     5.31G   0.04865   0.02009  0.004458    0.0732        93       608 1.234e+04    0.3387    0.5687    0.4689 1.491e+04   0.04214   0.01713  0.007016
    48/299     5.31G   0.04871   0.02017  0.004519   0.07341        96       608 1.236e+04    0.3403     0.571    0.4691 1.492e+04   0.04213   0.01713  0.007013
    49/299     5.31G   0.04857      0.02  0.004547   0.07312        92       608 1.238e+04    0.3409    0.5709    0.4693 1.493e+04   0.04211   0.01713   0.00701
    50/299     5.31G   0.04858   0.02014  0.004475   0.07319        79       608 1.238e+04    0.3409    0.5709    0.4693 1.493e+04    0.0421   0.01712  0.007009
    51/299     5.31G   0.04854      0.02  0.004488   0.07303        84       608 1.239e+04    0.3416     0.572     0.469 1.492e+04   0.04208   0.01712  0.007004
    52/299     5.31G   0.04854   0.02013  0.004468   0.07314        55       608 1.241e+04    0.3431    0.5745    0.4697 1.493e+04   0.04207   0.01712     0.007
    53/299     5.31G   0.04841   0.01998  0.004542   0.07293        94       608  1.24e+04    0.3427    0.5739    0.4699 1.493e+04   0.04206   0.01711     0.007
    54/299     5.31G   0.04843   0.02002  0.004399   0.07285       114       608 1.241e+04    0.3432    0.5748    0.4699 1.492e+04   0.04205   0.01711  0.006999
    55/299     5.31G   0.04844   0.02007  0.004472   0.07299        65       608 1.242e+04    0.3449    0.5749    0.4705 1.493e+04   0.04203   0.01711  0.007002
    56/299     5.31G   0.04851   0.02002  0.004455   0.07298        75       608 1.242e+04    0.3439     0.575    0.4708 1.493e+04   0.04202    0.0171  0.007005
    57/299     5.31G    0.0484   0.02009   0.00428   0.07277        74       608 1.244e+04    0.3441    0.5748    0.4712 1.493e+04   0.04201    0.0171  0.007008
    58/299     5.31G   0.04831   0.02004  0.004223   0.07257        98       608 1.244e+04    0.3445    0.5749    0.4703 1.493e+04     0.042    0.0171  0.007011
    59/299     5.31G   0.04807   0.01986  0.004291   0.07222        56       608 1.244e+04    0.3462    0.5758    0.4704 1.494e+04     0.042   0.01709  0.007015
    60/299     5.31G   0.04831   0.01988  0.004366   0.07256        91       608 1.245e+04     0.346    0.5761      0.47 1.494e+04   0.04198   0.01709  0.007021
    61/299     5.31G   0.04826   0.01988  0.004186   0.07232        66       608 1.245e+04    0.3454    0.5759    0.4698 1.494e+04   0.04197   0.01708  0.007025
    62/299     5.31G   0.04835   0.01998  0.004369    0.0727        76       608 1.246e+04    0.3471    0.5774    0.4702 1.494e+04   0.04196   0.01708  0.007031
    63/299     5.31G   0.04819   0.01998  0.004329    0.0725        69       608 1.247e+04    0.3462    0.5774    0.4706 1.495e+04   0.04195   0.01708  0.007036
    64/299     5.31G   0.04824   0.01989   0.00429   0.07241       105       608 1.248e+04    0.3464    0.5767    0.4707 1.495e+04   0.04194   0.01707  0.007043
    65/299     5.31G    0.0481   0.01976  0.004239   0.07209        94       608 1.247e+04    0.3463    0.5769    0.4714 1.495e+04   0.04194   0.01707  0.007051
    66/299     5.31G   0.04825   0.01997  0.004472   0.07269        61       608 1.245e+04    0.3447     0.574    0.4709 1.494e+04   0.04193   0.01707  0.007062
    67/299     5.31G   0.04809   0.01986  0.004267   0.07221       103       608 1.246e+04    0.3453    0.5745    0.4705 1.494e+04   0.04192   0.01706  0.007069
    68/299     5.31G   0.04808   0.01989  0.004289   0.07225        74       608 1.246e+04    0.3457    0.5737    0.4694 1.494e+04   0.04191   0.01707  0.007075
    69/299     5.31G   0.04804   0.01986  0.004193   0.07209        89       608 1.246e+04    0.3467    0.5745     0.469 1.494e+04    0.0419   0.01706  0.007079
    70/299     5.31G   0.04797   0.01984  0.004212   0.07202        58       608 1.247e+04    0.3471    0.5761      0.47 1.495e+04   0.04189   0.01706  0.007084
    71/299     5.31G   0.04804   0.01984  0.004099   0.07197        39       608 1.247e+04    0.3457    0.5764    0.4701 1.495e+04   0.04188   0.01706   0.00709
    72/299     5.31G   0.04795   0.01983  0.004089   0.07186        79       608 1.247e+04    0.3452    0.5756    0.4704 1.495e+04   0.04188   0.01706  0.007099
    73/299     5.31G   0.04794   0.01982  0.004103   0.07186        46       608 1.248e+04    0.3463    0.5759    0.4704 1.495e+04   0.04187   0.01706  0.007108
    74/299     5.31G   0.04793   0.01991  0.004172   0.07201        73       608 1.249e+04    0.3477    0.5759    0.4705 1.496e+04   0.04187   0.01705  0.007115
    75/299     5.31G   0.04785   0.01978  0.004115   0.07175        79       608 1.249e+04    0.3466    0.5756    0.4705 1.495e+04   0.04186   0.01705  0.007124
    76/299     5.31G   0.04793   0.01986  0.004115    0.0719        66       608 1.251e+04    0.3477     0.577    0.4705 1.496e+04   0.04185   0.01704  0.007128
    77/299     5.31G   0.04774   0.01982  0.004041    0.0716       100       608 1.251e+04    0.3466    0.5756    0.4703 1.496e+04   0.04185   0.01705  0.007134
    78/299     5.31G   0.04765   0.01966  0.004175   0.07148        64       608 1.251e+04    0.3469     0.576    0.4716 1.496e+04   0.04184   0.01704   0.00714
    79/299     5.31G   0.04766   0.01968  0.004273   0.07161        76       608 1.253e+04    0.3474    0.5768    0.4717 1.496e+04   0.04183   0.01705  0.007149
    80/299     5.31G   0.04769   0.01969  0.004092   0.07147       119       608 1.252e+04    0.3452    0.5753    0.4708 1.496e+04   0.04183   0.01705  0.007158
    81/299     5.31G   0.04774   0.01972  0.004061   0.07152        80       608 1.252e+04    0.3448    0.5751    0.4715 1.496e+04   0.04182   0.01705  0.007167
    82/299     5.31G   0.04762    0.0198  0.003971   0.07139        64       608 1.254e+04    0.3461    0.5764    0.4717 1.497e+04   0.04182   0.01705  0.007177
    83/299     5.31G   0.04756   0.01966  0.003978   0.07119        76       608 1.254e+04    0.3464    0.5767    0.4712 1.497e+04   0.04181   0.01705  0.007186
    84/299     5.31G   0.04764   0.01963  0.004097   0.07136        76       608 1.253e+04    0.3444    0.5743    0.4709 1.497e+04    0.0418   0.01705  0.007192
    85/299     5.31G   0.04758   0.01962   0.00395   0.07115       130       608 1.254e+04    0.3444    0.5755    0.4711 1.497e+04   0.04179   0.01705  0.007199
    86/299     5.31G    0.0474   0.01969  0.003915     0.071       127       608 1.252e+04    0.3441    0.5758    0.4712 1.497e+04   0.04178   0.01705  0.007205
    87/299     5.31G   0.04748   0.01971  0.003928   0.07113        84       608 1.253e+04    0.3442    0.5764    0.4713 1.497e+04   0.04177   0.01705   0.00721
    88/299     5.31G   0.04752   0.01971  0.004025   0.07125       105       608 1.253e+04    0.3431    0.5758    0.4711 1.497e+04   0.04176   0.01705  0.007217
    89/299     5.31G    0.0476   0.01972  0.003964   0.07128        92       608 1.254e+04    0.3435    0.5761    0.4712 1.498e+04   0.04176   0.01705  0.007225
    90/299     5.31G   0.04745   0.01968   0.00397    0.0711        82       608 1.259e+04     0.346    0.5762    0.4711 1.498e+04   0.04175   0.01704   0.00723
    91/299     5.31G   0.04746   0.01973  0.003854   0.07105       118       608 1.264e+04    0.3488     0.575     0.471 1.497e+04   0.04175   0.01704  0.007239
    92/299     5.31G   0.04751   0.01965  0.003964   0.07112        80       608 1.264e+04    0.3483    0.5751    0.4708 1.497e+04   0.04175   0.01704   0.00725
    93/299     5.31G   0.04749   0.01959  0.003936   0.07101        70       608 1.264e+04    0.3472    0.5746    0.4714 1.497e+04   0.04175   0.01704  0.007262
    94/299     5.31G   0.04734   0.01963  0.003928    0.0709        68       608 1.264e+04    0.3468    0.5755    0.4706 1.497e+04   0.04175   0.01704  0.007276
    95/299     5.31G   0.04737   0.01968  0.003936   0.07099        95       608 1.264e+04    0.3467    0.5747    0.4703 1.497e+04   0.04174   0.01704   0.00729
    96/299     5.31G   0.04725   0.01949  0.003804   0.07055        91       608 1.263e+04    0.3454    0.5748    0.4712 1.497e+04   0.04174   0.01704  0.007304
    97/299     5.31G   0.04731    0.0195  0.003826   0.07064        55       608 1.263e+04    0.3457    0.5751    0.4707 1.496e+04   0.04174   0.01704  0.007318
    98/299     5.31G   0.04747   0.01956  0.003824   0.07085        79       608 1.265e+04    0.3472    0.5765    0.4711 1.497e+04   0.04173   0.01704  0.007329
    99/299     5.31G   0.04735   0.01961  0.003867   0.07082        54       608 1.264e+04    0.3477    0.5767    0.4712 1.497e+04   0.04173   0.01704  0.007339
   100/299     5.31G   0.04733   0.01963  0.003803   0.07076        65       608 1.264e+04    0.3462    0.5761    0.4704 1.497e+04   0.04173   0.01704  0.007355
   101/299     5.31G   0.04705   0.01948  0.003838   0.07037        76       608 1.264e+04    0.3467    0.5762    0.4702 1.496e+04   0.04172   0.01704  0.007367
   102/299     5.31G    0.0473   0.01949  0.003896   0.07069        55       608 1.264e+04    0.3461     0.576      0.47 1.496e+04   0.04172   0.01705  0.007382
   103/299     5.31G   0.04722    0.0194  0.003812   0.07043        71       608 1.264e+04    0.3455     0.575    0.4703 1.496e+04   0.04171   0.01705  0.007393
   104/299     5.31G   0.04708   0.01946   0.00384   0.07038        94       608 1.264e+04    0.3445    0.5745    0.4699 1.495e+04   0.04171   0.01705  0.007405
   105/299     5.31G   0.04721   0.01953  0.003875   0.07061        84       608 1.265e+04    0.3447    0.5751    0.4701 1.496e+04   0.04171   0.01705  0.007416
   106/299     5.31G    0.0471   0.01946  0.003773   0.07033       110       608 1.264e+04    0.3449    0.5758    0.4698 1.495e+04   0.04171   0.01705  0.007432
   107/299     5.31G   0.04715   0.01953  0.003756   0.07043        45       608 1.264e+04    0.3446    0.5764      0.47 1.495e+04    0.0417   0.01705  0.007447
   108/299     5.31G   0.04686   0.01951  0.003803   0.07017       101       608 1.264e+04    0.3445    0.5756    0.4696 1.495e+04    0.0417   0.01705  0.007463
   109/299     5.31G   0.04698   0.01938   0.00376   0.07012        84       608 1.265e+04    0.3433    0.5754    0.4693 1.495e+04    0.0417   0.01705  0.007475
   110/299     5.31G   0.04689   0.01946  0.003798   0.07015       124       608 1.263e+04    0.3418    0.5743    0.4691 1.495e+04    0.0417   0.01705  0.007488
   111/299     5.31G   0.04683   0.01944  0.003742   0.07001        46       608 1.265e+04    0.3429    0.5757    0.4687 1.495e+04    0.0417   0.01705  0.007504
   112/299     5.31G   0.04691   0.01951    0.0037   0.07011        73       608 1.266e+04    0.3435    0.5758     0.469 1.496e+04    0.0417   0.01705  0.007518
   113/299     5.31G   0.04686   0.01939  0.003647   0.06989        86       608 1.267e+04     0.345    0.5763    0.4692 1.496e+04    0.0417   0.01705  0.007531
   114/299     5.31G   0.04687   0.01935  0.003706   0.06992        89       608 1.267e+04    0.3437    0.5748    0.4692 1.496e+04    0.0417   0.01706  0.007545
   115/299     5.31G   0.04683   0.01936  0.003584   0.06978        90       608 1.267e+04    0.3436    0.5757    0.4692 1.495e+04    0.0417   0.01706   0.00756
   116/299     5.31G   0.04681    0.0193  0.003668   0.06978        86       608 1.267e+04    0.3427    0.5752    0.4688 1.495e+04    0.0417   0.01706  0.007578
   117/299     5.31G   0.04674   0.01945  0.003703    0.0699        87       608 1.269e+04    0.3438    0.5767     0.469 1.495e+04    0.0417   0.01706  0.007593
   118/299     5.31G   0.04679   0.01922  0.003594   0.06961        74       608 1.268e+04    0.3436    0.5768    0.4687 1.495e+04    0.0417   0.01706   0.00761
   119/299     5.31G   0.04675   0.01931  0.003707   0.06976        66       608 1.269e+04    0.3431    0.5758    0.4685 1.495e+04    0.0417   0.01707  0.007625
   120/299     5.31G   0.04668   0.01939  0.003532    0.0696        95       608 1.268e+04    0.3422    0.5758    0.4677 1.494e+04   0.04169   0.01707   0.00764
   121/299     5.31G   0.04656   0.01931  0.003736   0.06961        87       608 1.267e+04    0.3433     0.577    0.4678 1.495e+04   0.04169   0.01707  0.007652
   122/299     5.31G    0.0466   0.01923  0.003662   0.06949        97       608 1.265e+04    0.3435    0.5764    0.4676 1.494e+04   0.04169   0.01708  0.007668
   123/299     5.31G   0.04685   0.01938  0.003639   0.06987        89       608 1.267e+04    0.3445    0.5766    0.4681 1.494e+04   0.04168   0.01708  0.007683
   124/299     5.31G   0.04651   0.01924  0.003659   0.06941        77       608 1.266e+04    0.3431    0.5758    0.4674 1.493e+04   0.04168   0.01708  0.007692
   125/299     5.31G   0.04647   0.01936  0.003639   0.06947        43       608 1.265e+04    0.3426    0.5757    0.4668 1.493e+04   0.04167   0.01708  0.007704
   126/299     5.31G    0.0466   0.01943  0.003581   0.06961       111       608 1.265e+04    0.3423    0.5754    0.4673 1.493e+04   0.04167   0.01709  0.007718
   127/299     5.31G   0.04638   0.01933  0.003575   0.06928        92       608 1.263e+04     0.342    0.5746    0.4673 1.493e+04   0.04166   0.01709   0.00773
   128/299     5.31G   0.04641   0.01924  0.003509   0.06915       105       608 1.263e+04    0.3429     0.575     0.467 1.493e+04   0.04165   0.01709  0.007739
   129/299     5.31G   0.04631   0.01907  0.003654   0.06904       110       608 1.263e+04    0.3418    0.5758    0.4668 1.493e+04   0.04165   0.01709  0.007745
   130/299     5.31G   0.04658    0.0193  0.003482   0.06936       114       608 1.264e+04    0.3419    0.5762    0.4672 1.493e+04   0.04165   0.01709  0.007757
   131/299     5.31G   0.04642   0.01927  0.003504    0.0692       109       608 1.264e+04    0.3405    0.5754    0.4663 1.493e+04   0.04164   0.01709  0.007767
   132/299     5.31G   0.04652   0.01932  0.003398   0.06923        63       608 1.263e+04      0.34    0.5763    0.4664 1.493e+04   0.04164    0.0171  0.007775
   133/299     5.31G   0.04644   0.01921  0.003444    0.0691       128       608 1.264e+04    0.3405    0.5768    0.4666 1.493e+04   0.04164    0.0171  0.007784
   134/299     5.31G   0.04622   0.01917  0.003498   0.06889        99       608 1.264e+04    0.3409    0.5773    0.4666 1.493e+04   0.04164    0.0171  0.007791
   135/299     5.31G   0.04625    0.0192  0.003469   0.06893        87       608 1.264e+04    0.3403    0.5775    0.4672 1.493e+04   0.04163    0.0171  0.007798
   136/299     5.31G   0.04606   0.01917  0.003464   0.06869        54       608 1.264e+04    0.3406     0.578    0.4671 1.493e+04   0.04163    0.0171  0.007812
   137/299     5.31G    0.0462   0.01905  0.003397   0.06865       106       608 1.263e+04    0.3405    0.5784    0.4665 1.493e+04   0.04162   0.01711  0.007821
   138/299     5.31G   0.04619   0.01902  0.003416   0.06863        89       608 1.262e+04    0.3389    0.5777    0.4669 1.494e+04   0.04161   0.01712  0.007828
   139/299     5.31G   0.04614   0.01915  0.003389   0.06869       121       608 1.263e+04     0.338     0.578     0.467 1.494e+04   0.04161   0.01712   0.00784
   140/299     5.31G   0.04614    0.0192  0.003449   0.06879       132       608 1.263e+04    0.3374    0.5779    0.4665 1.493e+04   0.04161   0.01712  0.007848
   141/299     5.31G   0.04614   0.01909  0.003484   0.06872        96       608 1.263e+04    0.3361    0.5772    0.4664 1.493e+04    0.0416   0.01712  0.007859
   142/299     5.31G   0.04606   0.01911  0.003378   0.06855       105       608 1.263e+04    0.3345    0.5777    0.4661 1.492e+04    0.0416   0.01712  0.007873
   143/299     5.31G   0.04599   0.01895  0.003384   0.06832        65       608 1.263e+04    0.3351     0.578    0.4663 1.492e+04    0.0416   0.01712  0.007887
   144/299     5.31G   0.04613   0.01909  0.003242   0.06846       105       608 1.264e+04     0.336    0.5787    0.4666 1.493e+04    0.0416   0.01713    0.0079
   145/299     5.31G   0.04597   0.01911  0.003373   0.06845       117       608 1.264e+04    0.3364     0.579    0.4666 1.493e+04    0.0416   0.01713  0.007917
   146/299     5.31G   0.04597   0.01902  0.003377   0.06838       106       608 1.264e+04    0.3385    0.5794    0.4667 1.492e+04    0.0416   0.01713  0.007927
   147/299     5.31G   0.04615   0.01909   0.00332   0.06856       105       608 1.265e+04    0.3387      0.58    0.4666 1.492e+04    0.0416   0.01713  0.007937
   148/299     5.31G   0.04592   0.01895  0.003346   0.06821        76       608 1.264e+04    0.3373    0.5796    0.4663 1.492e+04   0.04161   0.01713  0.007947
   149/299     5.31G   0.04592    0.0189  0.003366   0.06819        86       608 1.264e+04    0.3385    0.5797    0.4666 1.492e+04   0.04161   0.01714  0.007962
   150/299     5.31G   0.04599     0.019  0.003378   0.06837        61       608 1.266e+04    0.3392    0.5801    0.4666 1.493e+04    0.0416   0.01714  0.007973
   151/299     5.31G   0.04586   0.01898  0.003265    0.0681        73       608 1.265e+04    0.3389    0.5789    0.4654 1.493e+04    0.0416   0.01714   0.00799
   152/299     5.31G   0.04588   0.01902   0.00324   0.06814       118       608 1.265e+04    0.3381    0.5802    0.4656 1.493e+04    0.0416   0.01714  0.008007
   153/299     5.31G   0.04585   0.01896  0.003357   0.06816        73       608 1.265e+04    0.3394    0.5809    0.4656 1.493e+04    0.0416   0.01715   0.00802
   154/299     5.31G   0.04586   0.01896  0.003242   0.06807        82       608 1.264e+04    0.3386    0.5813    0.4652 1.492e+04    0.0416   0.01715  0.008035
   155/299     5.31G   0.04575   0.01885  0.003327   0.06793        41       608 1.264e+04    0.3367    0.5807    0.4655 1.492e+04   0.04159   0.01715  0.008043
   156/299     5.31G   0.04563   0.01883  0.003279   0.06774        65       608 1.263e+04    0.3367    0.5808    0.4656 1.492e+04   0.04159   0.01716  0.008054
   157/299     5.31G   0.04565   0.01888  0.003238   0.06778        86       608 1.264e+04    0.3358     0.582    0.4653 1.492e+04   0.04159   0.01716  0.008066
   158/299     5.31G   0.04568   0.01881  0.003261   0.06775        48       608 1.263e+04     0.334     0.582    0.4645 1.491e+04   0.04159   0.01716  0.008082
   159/299     5.31G   0.04561    0.0188  0.003278   0.06769        78       608 1.263e+04    0.3326    0.5806    0.4646 1.491e+04   0.04159   0.01717  0.008092
   160/299     5.31G   0.04554   0.01892  0.003261   0.06772        59       608 1.263e+04    0.3328    0.5812    0.4644  1.49e+04   0.04159   0.01717  0.008104
   161/299     5.31G   0.04564   0.01889  0.003184   0.06771        77       608 1.263e+04    0.3333    0.5809    0.4645 1.491e+04   0.04158   0.01718  0.008114
   162/299     5.31G   0.04549   0.01878  0.003196   0.06746        59       608 1.263e+04    0.3326    0.5819    0.4646 1.491e+04   0.04158   0.01718  0.008123
   163/299     5.31G   0.04544   0.01869   0.00322   0.06735        70       608 1.264e+04    0.3334    0.5829    0.4648 1.491e+04   0.04158   0.01718  0.008134
   164/299     5.31G   0.04541   0.01874  0.003201   0.06735        71       608 1.264e+04    0.3338    0.5827    0.4644 1.491e+04   0.04158   0.01719  0.008144
   165/299     5.31G   0.04548   0.01881  0.003163   0.06746        77       608 1.264e+04    0.3348    0.5837    0.4645 1.491e+04   0.04158   0.01719  0.008157
   166/299     5.31G   0.04533   0.01886  0.003135   0.06732        94       608 1.264e+04    0.3348    0.5841     0.464  1.49e+04   0.04158   0.01719  0.008166
   167/299     5.31G   0.04545   0.01865  0.003076   0.06718        53       608 1.264e+04    0.3341    0.5848    0.4639  1.49e+04   0.04157    0.0172  0.008174
   168/299     5.31G    0.0454   0.01878  0.003125   0.06731        92       608 1.264e+04    0.3338    0.5834    0.4638  1.49e+04   0.04157    0.0172  0.008187
   169/299     5.31G    0.0453   0.01875  0.003129   0.06719        67       608 1.262e+04    0.3338    0.5827    0.4642 1.491e+04   0.04157    0.0172    0.0082
   170/299     5.31G   0.04529   0.01873  0.003079    0.0671        88       608 1.262e+04    0.3324    0.5822    0.4639 1.491e+04   0.04156    0.0172  0.008209
   171/299     5.31G   0.04534   0.01869  0.003164   0.06719        85       608 1.263e+04    0.3324    0.5829    0.4641 1.491e+04   0.04156   0.01721  0.008213
   172/299     5.31G   0.04529   0.01881  0.003109   0.06721        98       608 1.263e+04    0.3326    0.5833     0.464 1.492e+04   0.04156   0.01722  0.008226
   173/299     5.31G   0.04519    0.0186  0.003081   0.06687        87       608 1.263e+04    0.3322    0.5831    0.4639 1.492e+04   0.04156   0.01722  0.008238
   174/299     5.31G   0.04507   0.01868  0.003027   0.06678        76       608 1.263e+04    0.3324    0.5843    0.4642 1.491e+04   0.04156   0.01722  0.008245
   175/299     5.31G   0.04526   0.01865  0.003064   0.06697        78       608 1.262e+04    0.3311    0.5836    0.4636 1.491e+04   0.04156   0.01723  0.008254
   176/299     5.31G    0.0451   0.01873  0.002998   0.06683        88       608 1.262e+04    0.3313    0.5834    0.4634  1.49e+04   0.04156   0.01724  0.008263
   177/299     5.31G    0.0452   0.01871  0.003003   0.06691       115       608 1.262e+04    0.3314    0.5836    0.4633  1.49e+04   0.04155   0.01724  0.008278
   178/299     5.31G   0.04508   0.01866  0.002977   0.06672        68       608 1.262e+04    0.3312    0.5831    0.4629  1.49e+04   0.04155   0.01725  0.008287
   179/299     5.31G   0.04497   0.01861  0.003008   0.06659        71       608 1.262e+04    0.3311    0.5833     0.463  1.49e+04   0.04155   0.01725  0.008299
   180/299     5.31G   0.04512   0.01852  0.002998   0.06664        60       608 1.262e+04     0.331    0.5825    0.4627  1.49e+04   0.04155   0.01725  0.008313
   181/299     5.31G   0.04486   0.01857  0.003064    0.0665        72       608 1.262e+04    0.3312    0.5829    0.4631 1.491e+04   0.04155   0.01725  0.008325
   182/299     5.31G   0.04484   0.01867  0.003015   0.06652        90       608 1.261e+04    0.3303    0.5819     0.463 1.491e+04   0.04156   0.01725  0.008337
   183/299     5.31G   0.04485   0.01853  0.003074   0.06646       119       608 1.261e+04    0.3295    0.5812    0.4631  1.49e+04   0.04156   0.01726  0.008351
   184/299     5.31G   0.04487   0.01856  0.003003   0.06644        63       608 1.261e+04    0.3286    0.5808     0.463  1.49e+04   0.04156   0.01726  0.008355
   185/299     5.31G   0.04499   0.01855  0.002951    0.0665        63       608 1.262e+04    0.3282    0.5804    0.4628 1.491e+04   0.04155   0.01727   0.00836
   186/299     5.31G   0.04479   0.01859  0.002979   0.06636        46       608 1.263e+04    0.3285    0.5814     0.463 1.491e+04   0.04155   0.01727  0.008373
   187/299     5.31G   0.04487   0.01858  0.002982   0.06643        98       608 1.262e+04    0.3275    0.5809    0.4628 1.491e+04   0.04155   0.01727  0.008386
   188/299     5.31G   0.04478   0.01847  0.002852   0.06611        75       608 1.261e+04    0.3262    0.5798     0.463  1.49e+04   0.04155   0.01728  0.008403
   189/299     5.31G   0.04478   0.01842  0.002918   0.06612       111       608 1.261e+04    0.3253    0.5802    0.4621 1.489e+04   0.04155   0.01728  0.008418
   190/299     5.31G   0.04455   0.01837  0.002895   0.06582        55       608  1.26e+04    0.3256    0.5802    0.4621 1.489e+04   0.04155   0.01728  0.008434
   191/299     5.31G   0.04465   0.01849  0.002896   0.06604        89       608 1.261e+04    0.3259    0.5801    0.4619 1.489e+04   0.04155   0.01729   0.00845
   192/299     5.31G   0.04447   0.01845  0.002868   0.06579        87       608 1.261e+04    0.3252    0.5801    0.4617 1.488e+04   0.04156   0.01729  0.008464
   193/299     5.31G   0.04456   0.01861  0.002854   0.06602        54       608 1.262e+04    0.3255    0.5795    0.4612 1.488e+04   0.04156    0.0173  0.008481
   194/299     5.31G   0.04468   0.01849  0.002803   0.06598        89       608 1.261e+04    0.3252    0.5789    0.4606 1.488e+04   0.04156    0.0173   0.00849
   195/299     5.31G   0.04462   0.01845  0.002934     0.066        77       608 1.261e+04    0.3244    0.5793    0.4605 1.487e+04   0.04156    0.0173  0.008502
   196/299     5.31G   0.04463   0.01844  0.002832    0.0659        66       608  1.26e+04    0.3245    0.5791    0.4604 1.487e+04   0.04156   0.01731  0.008524
   197/299     5.31G   0.04419   0.01831   0.00284   0.06534        75       608  1.26e+04    0.3252    0.5807    0.4605 1.486e+04   0.04156   0.01731   0.00854
   198/299     5.31G   0.04431   0.01836  0.002747   0.06542        78       608 1.261e+04    0.3253     0.581    0.4608 1.487e+04   0.04156   0.01732  0.008549
   199/299     5.31G   0.04435   0.01841  0.002806   0.06557        84       608  1.26e+04    0.3256    0.5812    0.4605 1.487e+04   0.04156   0.01733  0.008558
   200/299     5.31G   0.04439   0.01828  0.002783   0.06546        78       608  1.26e+04    0.3253    0.5812    0.4603 1.486e+04   0.04157   0.01733  0.008564
   201/299     5.31G   0.04446   0.01834  0.002771   0.06557        57       608 1.259e+04    0.3253    0.5801      0.46 1.486e+04   0.04157   0.01733  0.008571
   202/299     5.31G   0.04433   0.01837   0.00271   0.06542        70       608 1.258e+04    0.3251    0.5807    0.4605 1.486e+04   0.04157   0.01734  0.008576
   203/299     5.31G   0.04431   0.01837  0.002773   0.06545        92       608 1.259e+04    0.3257    0.5806      0.46 1.486e+04   0.04157   0.01734   0.00859
   204/299     5.31G   0.04419   0.01839  0.002744   0.06532        67       608  1.26e+04    0.3257    0.5805    0.4598 1.485e+04   0.04157   0.01735  0.008594
   205/299     5.31G   0.04426   0.01824  0.002831   0.06533        60       608  1.26e+04    0.3249    0.5802    0.4594 1.485e+04   0.04157   0.01735  0.008604
   206/299     5.31G   0.04415   0.01828  0.002758   0.06519        74       608  1.26e+04    0.3245     0.579    0.4597 1.485e+04   0.04158   0.01736  0.008615
   207/299     5.31G   0.04423   0.01835   0.00278   0.06536        60       608 1.259e+04    0.3258    0.5786    0.4596 1.486e+04   0.04158   0.01736  0.008626
   208/299     5.31G   0.04413   0.01824  0.002747   0.06512        85       608 1.259e+04     0.326    0.5778    0.4593 1.486e+04   0.04158   0.01737  0.008642
   209/299     5.31G   0.04418   0.01824  0.002679    0.0651        75       608 1.259e+04    0.3256    0.5778    0.4592 1.485e+04   0.04157   0.01737  0.008655
   210/299     5.31G   0.04418   0.01819  0.002637   0.06501        77       608 1.259e+04    0.3259    0.5774    0.4591 1.486e+04   0.04157   0.01738  0.008661
   211/299     5.31G   0.04406   0.01821  0.002696   0.06497        83       608  1.26e+04    0.3266     0.579    0.4592 1.486e+04   0.04158   0.01738  0.008673
   212/299     5.31G   0.04412   0.01821    0.0027   0.06503        63       608 1.261e+04    0.3266    0.5786    0.4592 1.486e+04   0.04158   0.01739  0.008685
   213/299     5.31G   0.04405   0.01815  0.002672   0.06487        96       608 1.261e+04    0.3251    0.5786    0.4591 1.486e+04   0.04158   0.01739  0.008699
   214/299     5.31G   0.04401   0.01817  0.002734   0.06492        93       608  1.26e+04    0.3245    0.5786    0.4589 1.486e+04   0.04159   0.01739   0.00871
   215/299     5.31G   0.04393   0.01822  0.002637   0.06479        74       608 1.261e+04    0.3251    0.5783    0.4586 1.485e+04   0.04159   0.01739   0.00873
   216/299     5.31G   0.04386   0.01813  0.002664   0.06465        84       608 1.261e+04    0.3248    0.5776    0.4583 1.485e+04   0.04159    0.0174  0.008744
   217/299     5.31G   0.04388   0.01811  0.002677   0.06467        82       608 1.262e+04    0.3249     0.577    0.4578 1.485e+04    0.0416   0.01741  0.008762
   218/299     5.31G   0.04396   0.01821  0.002608   0.06478        83       608 1.261e+04    0.3246    0.5786    0.4582 1.485e+04    0.0416   0.01741  0.008785
   219/299     5.31G   0.04392   0.01808  0.002534   0.06454        62       608 1.261e+04    0.3244    0.5791    0.4585 1.485e+04    0.0416   0.01742  0.008803
   220/299     5.31G   0.04379   0.01816  0.002677   0.06463       107       608  1.26e+04    0.3246    0.5783    0.4579 1.484e+04    0.0416   0.01742  0.008816
   221/299     5.31G   0.04389   0.01805  0.002578   0.06451        80       608 1.259e+04    0.3239    0.5773    0.4579 1.483e+04   0.04161   0.01743  0.008829
   222/299     5.31G   0.04373   0.01807  0.002506    0.0643        84       608 1.258e+04    0.3229    0.5768    0.4572 1.482e+04   0.04161   0.01743  0.008844
   223/299     5.31G   0.04373   0.01813  0.002681   0.06454        88       608 1.258e+04    0.3225    0.5777    0.4574 1.483e+04   0.04162   0.01744  0.008857
   224/299     5.31G   0.04368   0.01806  0.002526   0.06426        58       608 1.258e+04    0.3226    0.5775    0.4567 1.482e+04   0.04162   0.01744   0.00887
   225/299     5.31G   0.04368   0.01804  0.002558   0.06428        67       608 1.259e+04    0.3221    0.5781    0.4569 1.483e+04   0.04163   0.01745  0.008889
   226/299     5.31G   0.04366   0.01797  0.002608   0.06423        75       608 1.259e+04    0.3218    0.5776    0.4565 1.482e+04   0.04164   0.01746  0.008912
   227/299     5.31G   0.04361   0.01805  0.002523   0.06418        83       608 1.258e+04    0.3212    0.5773    0.4562 1.482e+04   0.04164   0.01747   0.00893
   228/299     5.31G   0.04362   0.01804  0.002527   0.06419        85       608 1.259e+04    0.3217    0.5776    0.4558 1.482e+04   0.04165   0.01747  0.008947
   229/299     5.31G   0.04348    0.0179  0.002517   0.06389        77       608 1.258e+04     0.322    0.5778    0.4555 1.481e+04   0.04165   0.01748  0.008959
   230/299     5.31G   0.04358   0.01805  0.002543   0.06416        79       608 1.258e+04    0.3218    0.5774    0.4553 1.482e+04   0.04166   0.01748  0.008976
   231/299     5.31G   0.04349    0.0179   0.00255   0.06394        63       608 1.259e+04    0.3219    0.5773    0.4555 1.481e+04   0.04166   0.01749  0.008996
   232/299     5.31G   0.04331   0.01786  0.002542   0.06371       149       608 1.258e+04    0.3218     0.577    0.4556 1.481e+04   0.04167   0.01749  0.009015
   233/299     5.31G   0.04335   0.01785  0.002437   0.06364        71       608 1.258e+04    0.3213     0.577    0.4551 1.481e+04   0.04168    0.0175  0.009034
   234/299     5.31G    0.0435   0.01776  0.002462   0.06372        89       608 1.258e+04    0.3218    0.5777    0.4548 1.481e+04   0.04169    0.0175  0.009046
   235/299     5.31G    0.0434   0.01783  0.002376   0.06361        64       608 1.258e+04    0.3227    0.5782    0.4548  1.48e+04   0.04169   0.01751  0.009061
   236/299     5.31G    0.0434   0.01791  0.002392   0.06371        54       608 1.259e+04    0.3233    0.5793    0.4552  1.48e+04    0.0417   0.01751  0.009071
   237/299     5.31G    0.0434    0.0178  0.002458   0.06365        60       608 1.259e+04    0.3242    0.5791    0.4545  1.48e+04    0.0417   0.01751  0.009081
   238/299     5.31G   0.04332   0.01784  0.002556   0.06371        73       608 1.259e+04    0.3254    0.5785     0.454  1.48e+04   0.04171   0.01752  0.009093
   239/299     5.31G   0.04324   0.01784   0.00244   0.06352       102       608 1.259e+04    0.3249    0.5773    0.4537 1.479e+04   0.04171   0.01752  0.009108
   240/299     5.31G   0.04317   0.01786  0.002384   0.06341        57       608  1.26e+04    0.3253    0.5773    0.4533 1.479e+04   0.04172   0.01753  0.009128
   241/299     5.31G   0.04336   0.01797  0.002441   0.06378        86       608 1.259e+04    0.3249    0.5756    0.4535 1.479e+04   0.04172   0.01753  0.009139
   242/299     5.31G   0.04317    0.0177  0.002486   0.06336        82       608  1.26e+04    0.3255    0.5749    0.4534 1.479e+04   0.04172   0.01755  0.009157
   243/299     5.31G   0.04316   0.01776  0.002475    0.0634        90       608  1.26e+04    0.3255    0.5747    0.4529 1.478e+04   0.04173   0.01755  0.009173
   244/299     5.31G   0.04313   0.01774  0.002431    0.0633        90       608 1.261e+04    0.3254    0.5742    0.4534 1.478e+04   0.04173   0.01755  0.009186
   245/299     5.31G   0.04314   0.01782  0.002399   0.06336        73       608 1.261e+04    0.3254    0.5735    0.4528 1.477e+04   0.04173   0.01756  0.009205
   246/299     5.31G   0.04301   0.01762  0.002301   0.06293        57       608 1.261e+04    0.3246    0.5717    0.4517 1.478e+04   0.04174   0.01757   0.00922
   247/299     5.31G   0.04294   0.01771  0.002374   0.06303        92       608 1.261e+04    0.3248    0.5711    0.4512 1.477e+04   0.04174   0.01757  0.009234
   248/299     5.31G   0.04312   0.01775  0.002323   0.06319        67       608 1.261e+04    0.3246    0.5702     0.451 1.477e+04   0.04175   0.01757  0.009248
   249/299     5.31G   0.04313   0.01772  0.002393   0.06325        67       608 1.262e+04    0.3235    0.5692    0.4508 1.477e+04   0.04175   0.01758  0.009259
   250/299     5.31G   0.04302   0.01767  0.002348   0.06304        79       608 1.262e+04    0.3237    0.5702    0.4509 1.477e+04   0.04175   0.01758   0.00927
   251/299     5.31G   0.04306   0.01777   0.00236   0.06319        73       608 1.263e+04    0.3258    0.5722    0.4512 1.477e+04   0.04175   0.01759  0.009281
   252/299     5.31G   0.04292   0.01769  0.002278   0.06289        91       608 1.263e+04    0.3248    0.5721    0.4509 1.477e+04   0.04176    0.0176  0.009294
   253/299     5.31G   0.04285   0.01755   0.00231   0.06271       123       608 1.263e+04     0.325    0.5712    0.4505 1.477e+04   0.04176    0.0176  0.009306
   254/299     5.31G   0.04282   0.01768  0.002265   0.06276        62       608 1.263e+04    0.3236    0.5718    0.4505 1.477e+04   0.04177    0.0176  0.009321
   255/299     5.31G   0.04266   0.01753  0.002282   0.06247        97       608 1.264e+04    0.3243    0.5727    0.4499 1.476e+04   0.04177   0.01761  0.009336
   256/299     5.31G   0.04266   0.01751  0.002279   0.06245        52       608 1.264e+04    0.3246    0.5728    0.4497 1.475e+04   0.04178   0.01761  0.009357
   257/299     5.31G   0.04269    0.0177  0.002427   0.06281       100       608 1.265e+04    0.3253    0.5715     0.449 1.474e+04   0.04179   0.01761  0.009379
   258/299     5.31G   0.04261   0.01757  0.002312   0.06249        80       608 1.264e+04    0.3249     0.571    0.4497 1.474e+04   0.04179   0.01762  0.009399
   259/299     5.31G   0.04265   0.01755  0.002344   0.06255        97       608 1.265e+04    0.3258    0.5714    0.4498 1.474e+04   0.04179   0.01762  0.009413
   260/299     5.31G   0.04278   0.01771  0.002271   0.06276       112       608 1.264e+04    0.3254    0.5716    0.4493 1.473e+04    0.0418   0.01762  0.009431
   261/299     5.31G    0.0426    0.0176  0.002238   0.06245        55       608 1.265e+04    0.3254    0.5693    0.4491 1.474e+04    0.0418   0.01762  0.009453
   262/299     5.31G   0.04266   0.01757  0.002276    0.0625        75       608 1.265e+04     0.325    0.5694    0.4491 1.474e+04   0.04181   0.01763  0.009466
   263/299     5.31G    0.0427   0.01746  0.002306   0.06247        78       608 1.265e+04    0.3251    0.5686     0.449 1.474e+04   0.04181   0.01763  0.009474
   264/299     5.31G   0.04265   0.01753  0.002255   0.06244        75       608 1.264e+04    0.3249    0.5659    0.4486 1.474e+04   0.04182   0.01764  0.009495
   265/299     5.31G   0.04277   0.01758  0.002289   0.06263        85       608 1.263e+04    0.3238    0.5648    0.4474 1.474e+04   0.04182   0.01765  0.009512
   266/299     5.31G   0.04258   0.01756  0.002272   0.06241        74       608 1.264e+04    0.3232    0.5627    0.4472 1.474e+04   0.04183   0.01765  0.009529
   267/299     5.31G   0.04255   0.01754  0.002169   0.06226        59       608 1.264e+04    0.3236    0.5632    0.4469 1.474e+04   0.04183   0.01766  0.009543
   268/299     5.31G   0.04257   0.01756  0.002262    0.0624        88       608 1.264e+04    0.3233    0.5623    0.4467 1.473e+04   0.04183   0.01767  0.009558
   269/299     5.31G   0.04251   0.01746  0.002217   0.06218        96       608 1.265e+04    0.3237    0.5621    0.4465 1.473e+04   0.04184   0.01767  0.009574
   270/299     5.31G   0.04253   0.01748  0.002226   0.06224        85       608 1.265e+04    0.3239    0.5625    0.4463 1.473e+04   0.04184   0.01768  0.009591
   271/299     5.31G    0.0424   0.01749  0.002209    0.0621        55       608 1.265e+04    0.3234    0.5636    0.4468 1.473e+04   0.04184   0.01769  0.009602
   272/299     5.31G   0.04243   0.01741  0.002213   0.06205        71       608 1.265e+04    0.3232    0.5643    0.4467 1.473e+04   0.04185   0.01769  0.009611
   273/299     5.31G   0.04257   0.01747  0.002183   0.06222        87       608 1.265e+04    0.3233    0.5643    0.4463 1.473e+04   0.04185    0.0177  0.009624
   274/299     5.31G   0.04249   0.01747  0.002171   0.06213        75       608 1.266e+04    0.3247    0.5657    0.4469 1.472e+04   0.04186   0.01771   0.00963
   275/299     5.31G   0.04256   0.01751  0.002186   0.06226       105       608 1.267e+04    0.3245    0.5645    0.4461 1.472e+04   0.04186   0.01772   0.00963
   276/299     5.31G    0.0425   0.01738    0.0021   0.06198        71       608 1.266e+04    0.3242    0.5649     0.446 1.471e+04   0.04186   0.01773  0.009638
   277/299     5.31G   0.04233    0.0174  0.002222   0.06196        51       608 1.267e+04    0.3246    0.5651    0.4455 1.471e+04   0.04186   0.01773  0.009652
   278/299     5.31G   0.04232   0.01741  0.002194   0.06192       120       608 1.267e+04    0.3249    0.5647    0.4447 1.471e+04   0.04187   0.01774  0.009668
   279/299     5.31G   0.04228    0.0174  0.002175   0.06186        71       608 1.267e+04    0.3246     0.564    0.4446 1.471e+04   0.04188   0.01775  0.009682
   280/299     5.31G   0.04248   0.01747   0.00218   0.06213        92       608 1.267e+04    0.3245    0.5647    0.4448 1.471e+04   0.04188   0.01775  0.009694
   281/299     5.31G   0.04257   0.01756  0.002193   0.06233        75       608 1.267e+04    0.3232    0.5651    0.4458 1.471e+04   0.04189   0.01776  0.009707
   282/299     5.31G   0.04227   0.01745  0.002133   0.06185       110       608 1.268e+04     0.324    0.5649    0.4448  1.47e+04    0.0419   0.01777   0.00972
   283/299     5.31G   0.04244   0.01736  0.002165   0.06196        83       608 1.268e+04    0.3245    0.5648    0.4443  1.47e+04    0.0419   0.01777  0.009731
   284/299     5.31G   0.04231   0.01743  0.002157   0.06189        58       608 1.268e+04    0.3238    0.5645    0.4436 1.469e+04    0.0419   0.01778  0.009744
   285/299     5.31G   0.04247   0.01734  0.002145   0.06195        83       608 1.268e+04    0.3256    0.5638    0.4434 1.469e+04   0.04191   0.01779  0.009754
   286/299     5.31G   0.04237   0.01748  0.002173   0.06202       105       608 1.268e+04    0.3257    0.5613    0.4432 1.468e+04   0.04191   0.01779  0.009767
   287/299     5.31G   0.04215   0.01738  0.002175   0.06171        80       608 1.267e+04    0.3249      0.56    0.4428 1.468e+04   0.04191   0.01779  0.009782
   288/299     5.31G   0.04222    0.0174  0.002183    0.0618        61       608 1.268e+04    0.3249    0.5589    0.4426 1.468e+04   0.04192    0.0178  0.009797
   289/299     5.31G   0.04221   0.01739  0.002153   0.06175        58       608 1.267e+04    0.3254    0.5612    0.4431 1.468e+04   0.04192   0.01781   0.00981
   290/299     5.31G   0.04232   0.01756  0.002092   0.06197       113       608 1.267e+04    0.3268    0.5607    0.4429 1.468e+04   0.04193   0.01782   0.00982
   291/299     5.31G   0.04228   0.01741  0.002123   0.06181        91       608 1.267e+04    0.3251    0.5596     0.443 1.468e+04   0.04193   0.01782  0.009828
   292/299     5.31G    0.0422   0.01742   0.00211   0.06173        92       608 1.267e+04    0.3249    0.5596    0.4424 1.468e+04   0.04193   0.01783  0.009837
   293/299     5.31G   0.04244   0.01743  0.002166   0.06203        95       608 1.267e+04    0.3248    0.5597    0.4423 1.468e+04   0.04194   0.01784  0.009849
   294/299     5.31G   0.04236   0.01742  0.002138   0.06192        75       608 1.267e+04    0.3234    0.5569    0.4426 1.467e+04   0.04194   0.01784  0.009859
   295/299     5.31G   0.04227   0.01735   0.00208    0.0617        74       608 1.267e+04    0.3235    0.5571    0.4417 1.467e+04   0.04195   0.01785  0.009868
   296/299     5.31G   0.04224   0.01733  0.002149   0.06171        51       608 1.267e+04    0.3244    0.5566    0.4416 1.467e+04   0.04195   0.01785  0.009869
   297/299     5.31G   0.04243    0.0174  0.002169     0.062        84       608 1.268e+04    0.3239    0.5561    0.4417 1.468e+04   0.04196   0.01786  0.009872
   298/299     5.31G   0.04207    0.0174  0.002088   0.06156        97       608 1.268e+04    0.3244    0.5569    0.4416 1.467e+04   0.04196   0.01786  0.009876
